1 1420070400 1 50 70 1 50 30 40 -5921
1 1420070520 1 50 70 1 50 30 40 4879
1 1420070640 1 50 70 1 50 30 40 4307
1 1420070760 1 50 70 1 50 30 40 -1740
1 1420070880 1 50 70 1 50 30 40 -4242
1 1420071000 1 50 70 1 50 30 40 -1995
1 1420071120 1 50 70 1 50 30 40 -3371
1 1420071240 1 50 70 1 50 30 40 2726
1 1420071360 1 50 70 1 50 30 40 3927
1 1420071480 1 50 70 1 50 30 40 1522
1 1420071600 1 50 70 1 50 30 40 3030
1 1420071720 1 50 70 1 50 30 40 2135
1 1420071840 1 50 70 1 50 30 40 2572
1 1420071960 1 50 70 1 50 30 40 4021
1 1420072080 1 50 70 1 50 30 40 3608
1 1420072200 1 50 70 1 50 30 40 2606
1 1420072320 1 50 70 1 50 30 40 3487
1 1420072440 1 50 70 1 50 30 40 3400
1 1420072560 1 50 70 1 50 30 40 1789
1 1420072680 1 50 70 1 50 30 40 2843
1 1420072800 1 50 70 1 50 30 40 4894
1 1420072920 1 50 70 1 50 30 40 4698
1 1420073040 1 50 70 1 50 30 40 4953
1 1420073160 1 50 70 1 50 30 40 3830
1 1420073280 1 50 70 1 50 30 40 4856
1 1420073400 1 50 70 1 50 30 40 3477
1 1420073520 1 50 70 1 50 30 40 2276
1 1420073640 1 50 70 1 50 30 40 1481
1 1420073760 1 50 70 1 50 30 40 3074
1 1420073880 1 50 70 1 50 30 40 -3176
1 1420074000 1 50 70 1 50 30 40 -4464
1 1420074120 1 50 70 1 50 30 40 -4212
1 1420074240 1 50 70 1 50 30 40 -3251
1 1420074360 1 50 70 1 50 30 40 -4826
1 1420074480 1 50 70 1 50 30 40 -3574
1 1420074600 1 50 70 1 50 30 40 -2328
1 1420074720 1 50 70 1 50 30 40 2379
1 1420074840 1 50 70 1 50 30 40 3677
1 1420074960 1 50 70 1 50 30 40 2661
1 1420075080 1 50 70 1 50 30 40 2274
1 1420075200 1 50 70 1 50 30 40 2361
1 1420075320 1 50 70 1 50 30 40 2261
1 1420075440 1 50 70 1 50 30 40 1001
1 1420075560 1 50 70 1 50 30 40 4215
1 1420075680 1 50 70 1 50 30 40 2335
1 1420075800 1 50 70 1 50 30 40 3577
1 1420075920 1 50 70 1 50 30 40 3170
1 1420076040 1 50 70 1 50 30 40 1425
1 1420076160 1 50 70 1 50 30 40 2387
1 1420076280 1 50 70 1 50 30 40 3496
1 1420076400 1 50 70 1 50 30 40 1304
1 1420076520 1 50 70 1 50 30 40 2445
1 1420076640 1 50 70 1 50 30 40 -1820
1 1420076760 1 50 70 1 50 30 40 -4617
1 1420076880 1 50 70 1 50 30 40 -3624
1 1420077000 1 50 70 1 50 30 40 -4190
1 1420077120 1 50 70 1 50 30 40 -2302
1 1420077240 1 50 70 1 50 30 40 -1850
1 1420077360 1 50 70 1 50 30 40 1307
1 1420077480 1 50 70 1 50 30 40 4319
1 1420077600 1 50 70 1 50 30 40 1769
1 1420077720 1 50 70 1 50 30 40 2814
1 1420077840 1 50 70 1 50 30 40 3403
1 1420077960 1 50 70 1 50 30 40 4991
1 1420078080 1 50 70 1 50 30 40 2758
1 1420078200 1 50 70 1 50 30 40 1731
1 1420078320 1 50 70 1 50 30 40 1804
1 1420078440 1 50 70 1 50 30 40 4588
1 1420078560 1 50 70 1 50 30 40 3170
1 1420078680 1 50 70 1 50 30 40 4182
1 1420078800 1 50 70 1 50 30 40 4382
1 1420078920 1 50 70 1 50 30 40 2186
1 1420079040 1 50 70 1 50 30 40 1413
1 1420079160 1 50 70 1 50 30 40 2355
1 1420079280 1 50 70 1 50 30 40 1330
1 1420079400 1 50 70 1 50 30 40 2709
1 1420079520 1 50 70 1 50 30 40 1243
1 1420079640 1 50 70 1 50 30 40 4903
1 1420079760 1 50 70 1 50 30 40 4511
1 1420079880 1 50 70 1 50 30 40 4004
1 1420080000 1 50 70 1 50 30 40 4309
1 1420080120 1 50 70 1 50 30 40 3816
1 1420080240 1 50 70 1 50 30 40 3278
1 1420080360 1 50 70 1 50 30 40 4204
1 1420080480 1 50 70 1 50 30 40 1369
1 1420080600 1 50 70 1 50 30 40 1032
1 1420080720 1 50 70 1 50 30 40 3195
1 1420080840 1 50 70 1 50 30 40 -1785
1 1420080960 1 50 70 1 50 30 40 -3845
1 1420081080 1 50 70 1 50 30 40 -2781
1 1420081200 1 50 70 1 50 30 40 -3728
1 1420081320 1 50 70 1 50 30 40 -4758
1 1420081440 1 50 70 1 50 30 40 -2320
1 1420081560 1 50 70 1 50 30 40 -4288
1 1420081680 1 50 70 1 50 30 40 -1211
1 1420081800 1 50 70 1 50 30 40 -1016
1 1420081920 1 50 70 1 50 30 40 4088
1 1420082040 1 50 70 1 50 30 40 4781
1 1420082160 1 50 70 1 50 30 40 2111
1 1420082280 1 50 70 1 50 30 40 2261
2 1420070400 2 100 90 10 60 100 20 5
2 1420070520 2 100 90 10 60 100 20 18
2 1420070640 2 100 90 10 60 100 20 4
2 1420070760 2 100 90 10 60 100 20 19
2 1420070880 2 100 90 10 60 100 20 29
2 1420071000 2 100 90 10 60 100 20 15
2 1420071120 2 100 90 10 60 100 20 9
2 1420071240 2 100 90 10 60 100 20 19
2 1420071360 2 100 90 10 60 100 20 7
2 1420071480 2 100 90 10 60 100 20 30
2 1420071600 2 100 90 10 60 100 20 2
2 1420071720 2 100 90 10 60 100 20 7
2 1420071840 2 100 90 10 60 100 20 27
2 1420071960 2 100 90 10 60 100 20 22
2 1420072080 2 100 90 10 60 100 20 14
2 1420072200 2 100 90 10 60 100 20 28
2 1420072320 2 100 90 10 60 100 20 4
2 1420072440 2 100 90 10 60 100 20 23
2 1420072560 2 100 90 10 60 100 20 7
2 1420072680 2 100 90 10 60 100 20 23
2 1420072800 2 100 90 10 60 100 20 27
2 1420072920 2 100 90 10 60 100 20 27
2 1420073040 2 100 90 10 60 100 20 14
2 1420073160 2 100 90 10 60 100 20 10
2 1420073280 2 100 90 10 60 100 20 10
2 1420073400 2 100 90 10 60 100 20 3
2 1420073520 2 100 90 10 60 100 20 1
2 1420073640 2 100 90 10 60 100 20 27
2 1420073760 2 100 90 10 60 100 20 0
2 1420073880 2 100 90 10 60 100 20 21
2 1420074000 2 100 90 10 60 100 20 11
2 1420074120 2 100 90 10 60 100 20 26
2 1420074240 2 100 90 10 60 100 20 14
2 1420074360 2 100 90 10 60 100 20 17
2 1420074480 2 100 90 10 60 100 20 24
2 1420074600 2 100 90 10 60 100 20 21
2 1420074720 2 100 90 10 60 100 20 0
2 1420074840 2 100 90 10 60 100 20 18
2 1420074960 2 100 90 10 60 100 20 15
2 1420075080 2 100 90 10 60 100 20 20
2 1420075200 2 100 90 10 60 100 20 15
2 1420075320 2 100 90 10 60 100 20 10
2 1420075440 2 100 90 10 60 100 20 5
2 1420075560 2 100 90 10 60 100 20 28
2 1420075680 2 100 90 10 60 100 20 10
2 1420075800 2 100 90 10 60 100 20 7
2 1420075920 2 100 90 10 60 100 20 8
2 1420076040 2 100 90 10 60 100 20 11
2 1420076160 2 100 90 10 60 100 20 25
2 1420076280 2 100 90 10 60 100 20 29
2 1420076400 2 100 90 10 60 100 20 29
2 1420076520 2 100 90 10 60 100 20 29
2 1420076640 2 100 90 10 60 100 20 9
2 1420076760 2 100 90 10 60 100 20 25
2 1420076880 2 100 90 10 60 100 20 12
2 1420077000 2 100 90 10 60 100 20 23
2 1420077120 2 100 90 10 60 100 20 16
2 1420077240 2 100 90 10 60 100 20 5
2 1420077360 2 100 90 10 60 100 20 24
2 1420077480 2 100 90 10 60 100 20 5
2 1420077600 2 100 90 10 60 100 20 20
2 1420077720 2 100 90 10 60 100 20 27
2 1420077840 2 100 90 10 60 100 20 17
2 1420077960 2 100 90 10 60 100 20 1
2 1420078080 2 100 90 10 60 100 20 16
2 1420078200 2 100 90 10 60 100 20 29
2 1420078320 2 100 90 10 60 100 20 2
2 1420078440 2 100 90 10 60 100 20 0
2 1420078560 2 100 90 10 60 100 20 4
2 1420078680 2 100 90 10 60 100 20 23
2 1420078800 2 100 90 10 60 100 20 0
2 1420078920 2 100 90 10 60 100 20 5
2 1420079040 2 100 90 10 60 100 20 21
2 1420079160 2 100 90 10 60 100 20 2
2 1420079280 2 100 90 10 60 100 20 9
2 1420079400 2 100 90 10 60 100 20 10
2 1420079520 2 100 90 10 60 100 20 8
2 1420079640 2 100 90 10 60 100 20 3
2 1420079760 2 100 90 10 60 100 20 29
2 1420079880 2 100 90 10 60 100 20 28
2 1420080000 2 100 90 10 60 100 20 8
2 1420080120 2 100 90 10 60 100 20 4
2 1420080240 2 100 90 10 60 100 20 8
2 1420080360 2 100 90 10 60 100 20 2
2 1420080480 2 100 90 10 60 100 20 0
2 1420080600 2 100 90 10 60 100 20 22
2 1420080720 2 100 90 10 60 100 20 8
2 1420080840 2 100 90 10 60 100 20 27
2 1420080960 2 100 90 10 60 100 20 3
2 1420081080 2 100 90 10 60 100 20 23
2 1420081200 2 100 90 10 60 100 20 28
2 1420081320 2 100 90 10 60 100 20 25
2 1420081440 2 100 90 10 60 100 20 8
2 1420081560 2 100 90 10 60 100 20 13
2 1420081680 2 100 90 10 60 100 20 17
2 1420081800 2 100 90 10 60 100 20 21
2 1420081920 2 100 90 10 60 100 20 9
2 1420082040 2 100 90 10 60 100 20 15
2 1420082160 2 100 90 10 60 100 20 26
2 1420082280 2 100 90 10 60 100 20 7
3 1420070400 3 20 30 5 55 10 90 29
3 1420070520 3 20 30 5 55 10 90 15
3 1420070640 3 20 30 5 55 10 90 22
3 1420070760 3 20 30 5 55 10 90 13
3 1420070880 3 20 30 5 55 10 90 14
3 1420071000 3 20 30 5 55 10 90 11
3 1420071120 3 20 30 5 55 10 90 12
3 1420071240 3 20 30 5 55 10 90 22
3 1420071360 3 20 30 5 55 10 90 21
3 1420071480 3 20 30 5 55 10 90 27
3 1420071600 3 20 30 5 55 10 90 22
3 1420071720 3 20 30 5 55 10 90 12
3 1420071840 3 20 30 5 55 10 90 23
3 1420071960 3 20 30 5 55 10 90 18
3 1420072080 3 20 30 5 55 10 90 26
3 1420072200 3 20 30 5 55 10 90 23
3 1420072320 3 20 30 5 55 10 90 11
3 1420072440 3 20 30 5 55 10 90 11
3 1420072560 3 20 30 5 55 10 90 25
3 1420072680 3 20 30 5 55 10 90 13
3 1420072800 3 20 30 5 55 10 90 27
3 1420072920 3 20 30 5 55 10 90 26
3 1420073040 3 20 30 5 55 10 90 16
3 1420073160 3 20 30 5 55 10 90 18
3 1420073280 3 20 30 5 55 10 90 28
3 1420073400 3 20 30 5 55 10 90 16
3 1420073520 3 20 30 5 55 10 90 25
3 1420073640 3 20 30 5 55 10 90 14
3 1420073760 3 20 30 5 55 10 90 22
3 1420073880 3 20 30 5 55 10 90 11
3 1420074000 3 20 30 5 55 10 90 27
3 1420074120 3 20 30 5 55 10 90 15
3 1420074240 3 20 30 5 55 10 90 23
3 1420074360 3 20 30 5 55 10 90 17
3 1420074480 3 20 30 5 55 10 90 28
3 1420074600 3 20 30 5 55 10 90 24
3 1420074720 3 20 30 5 55 10 90 17
3 1420074840 3 20 30 5 55 10 90 14
3 1420074960 3 20 30 5 55 10 90 15
3 1420075080 3 20 30 5 55 10 90 12
3 1420075200 3 20 30 5 55 10 90 18
3 1420075320 3 20 30 5 55 10 90 17
3 1420075440 3 20 30 5 55 10 90 16
3 1420075560 3 20 30 5 55 10 90 19
3 1420075680 3 20 30 5 55 10 90 29
3 1420075800 3 20 30 5 55 10 90 27
3 1420075920 3 20 30 5 55 10 90 18
3 1420076040 3 20 30 5 55 10 90 15
3 1420076160 3 20 30 5 55 10 90 13
3 1420076280 3 20 30 5 55 10 90 22
3 1420076400 3 20 30 5 55 10 90 29
3 1420076520 3 20 30 5 55 10 90 15
3 1420076640 3 20 30 5 55 10 90 23
3 1420076760 3 20 30 5 55 10 90 18
3 1420076880 3 20 30 5 55 10 90 29
3 1420077000 3 20 30 5 55 10 90 30
3 1420077120 3 20 30 5 55 10 90 29
3 1420077240 3 20 30 5 55 10 90 15
3 1420077360 3 20 30 5 55 10 90 16
3 1420077480 3 20 30 5 55 10 90 20
3 1420077600 3 20 30 5 55 10 90 16
3 1420077720 3 20 30 5 55 10 90 27
3 1420077840 3 20 30 5 55 10 90 25
3 1420077960 3 20 30 5 55 10 90 10
3 1420078080 3 20 30 5 55 10 90 12
3 1420078200 3 20 30 5 55 10 90 25
3 1420078320 3 20 30 5 55 10 90 30
3 1420078440 3 20 30 5 55 10 90 19
3 1420078560 3 20 30 5 55 10 90 26
3 1420078680 3 20 30 5 55 10 90 13
3 1420078800 3 20 30 5 55 10 90 10
3 1420078920 3 20 30 5 55 10 90 30
3 1420079040 3 20 30 5 55 10 90 28
3 1420079160 3 20 30 5 55 10 90 23
3 1420079280 3 20 30 5 55 10 90 29
3 1420079400 3 20 30 5 55 10 90 21
3 1420079520 3 20 30 5 55 10 90 26
3 1420079640 3 20 30 5 55 10 90 20
3 1420079760 3 20 30 5 55 10 90 14
3 1420079880 3 20 30 5 55 10 90 21
3 1420080000 3 20 30 5 55 10 90 10
3 1420080120 3 20 30 5 55 10 90 27
3 1420080240 3 20 30 5 55 10 90 30
3 1420080360 3 20 30 5 55 10 90 25
3 1420080480 3 20 30 5 55 10 90 25
3 1420080600 3 20 30 5 55 10 90 14
3 1420080720 3 20 30 5 55 10 90 12
3 1420080840 3 20 30 5 55 10 90 23
3 1420080960 3 20 30 5 55 10 90 19
3 1420081080 3 20 30 5 55 10 90 23
3 1420081200 3 20 30 5 55 10 90 21
3 1420081320 3 20 30 5 55 10 90 16
3 1420081440 3 20 30 5 55 10 90 16
3 1420081560 3 20 30 5 55 10 90 17
3 1420081680 3 20 30 5 55 10 90 22
3 1420081800 3 20 30 5 55 10 90 15
3 1420081920 3 20 30 5 55 10 90 26
3 1420082040 3 20 30 5 55 10 90 19
3 1420082160 3 20 30 5 55 10 90 15
3 1420082280 3 20 30 5 55 10 90 20
4 1420070400 1 40 90 70 70 20 30 2134
4 1420070520 1 40 90 70 70 20 30 2999
4 1420070640 1 40 90 70 70 20 30 4342
4 1420070760 1 40 90 70 70 20 30 3829
4 1420070880 1 40 90 70 70 20 30 4806
4 1420071000 1 40 90 70 70 20 30 3128
4 1420071120 1 40 90 70 70 20 30 3727
4 1420071240 1 40 90 70 70 20 30 4756
4 1420071360 1 40 90 70 70 20 30 3548
4 1420071480 1 40 90 70 70 20 30 1310
4 1420071600 1 40 90 70 70 20 30 2497
4 1420071720 1 40 90 70 70 20 30 3651
4 1420071840 1 40 90 70 70 20 30 3668
4 1420071960 1 40 90 70 70 20 30 4475
4 1420072080 1 40 90 70 70 20 30 3803
4 1420072200 1 40 90 70 70 20 30 4820
4 1420072320 1 40 90 70 70 20 30 3533
4 1420072440 1 40 90 70 70 20 30 3516
4 1420072560 1 40 90 70 70 20 30 1237
4 1420072680 1 40 90 70 70 20 30 3540
4 1420072800 1 40 90 70 70 20 30 1622
4 1420072920 1 40 90 70 70 20 30 2563
4 1420073040 1 40 90 70 70 20 30 2633
4 1420073160 1 40 90 70 70 20 30 3370
4 1420073280 1 40 90 70 70 20 30 3936
4 1420073400 1 40 90 70 70 20 30 2934
4 1420073520 1 40 90 70 70 20 30 4005
4 1420073640 1 40 90 70 70 20 30 3423
4 1420073760 1 40 90 70 70 20 30 1708
4 1420073880 1 40 90 70 70 20 30 1625
4 1420074000 1 40 90 70 70 20 30 1930
4 1420074120 1 40 90 70 70 20 30 1912
4 1420074240 1 40 90 70 70 20 30 4820
4 1420074360 1 40 90 70 70 20 30 3939
4 1420074480 1 40 90 70 70 20 30 3890
4 1420074600 1 40 90 70 70 20 30 1424
4 1420074720 1 40 90 70 70 20 30 2142
4 1420074840 1 40 90 70 70 20 30 3544
4 1420074960 1 40 90 70 70 20 30 1021
4 1420075080 1 40 90 70 70 20 30 1806
4 1420075200 1 40 90 70 70 20 30 1605
4 1420075320 1 40 90 70 70 20 30 4611
4 1420075440 1 40 90 70 70 20 30 2945
4 1420075560 1 40 90 70 70 20 30 4413
4 1420075680 1 40 90 70 70 20 30 1391
4 1420075800 1 40 90 70 70 20 30 1860
4 1420075920 1 40 90 70 70 20 30 1589
4 1420076040 1 40 90 70 70 20 30 1660
4 1420076160 1 40 90 70 70 20 30 4212
4 1420076280 1 40 90 70 70 20 30 2448
4 1420076400 1 40 90 70 70 20 30 2019
4 1420076520 1 40 90 70 70 20 30 4547
4 1420076640 1 40 90 70 70 20 30 3342
4 1420076760 1 40 90 70 70 20 30 3282
4 1420076880 1 40 90 70 70 20 30 1525
4 1420077000 1 40 90 70 70 20 30 4959
4 1420077120 1 40 90 70 70 20 30 1665
4 1420077240 1 40 90 70 70 20 30 3806
4 1420077360 1 40 90 70 70 20 30 1059
4 1420077480 1 40 90 70 70 20 30 3526
4 1420077600 1 40 90 70 70 20 30 4903
4 1420077720 1 40 90 70 70 20 30 3871
4 1420077840 1 40 90 70 70 20 30 3151
4 1420077960 1 40 90 70 70 20 30 4844
4 1420078080 1 40 90 70 70 20 30 4800
4 1420078200 1 40 90 70 70 20 30 1847
4 1420078320 1 40 90 70 70 20 30 3526
4 1420078440 1 40 90 70 70 20 30 2913
4 1420078560 1 40 90 70 70 20 30 4803
4 1420078680 1 40 90 70 70 20 30 4683
4 1420078800 1 40 90 70 70 20 30 2218
4 1420078920 1 40 90 70 70 20 30 3800
4 1420079040 1 40 90 70 70 20 30 1952
4 1420079160 1 40 90 70 70 20 30 2666
4 1420079280 1 40 90 70 70 20 30 4206
4 1420079400 1 40 90 70 70 20 30 1529
4 1420079520 1 40 90 70 70 20 30 1298
4 1420079640 1 40 90 70 70 20 30 2944
4 1420079760 1 40 90 70 70 20 30 4689
4 1420079880 1 40 90 70 70 20 30 4849
4 1420080000 1 40 90 70 70 20 30 1808
4 1420080120 1 40 90 70 70 20 30 3475
4 1420080240 1 40 90 70 70 20 30 3205
4 1420080360 1 40 90 70 70 20 30 4227
4 1420080480 1 40 90 70 70 20 30 3232
4 1420080600 1 40 90 70 70 20 30 3829
4 1420080720 1 40 90 70 70 20 30 1117
4 1420080840 1 40 90 70 70 20 30 4023
4 1420080960 1 40 90 70 70 20 30 4123
4 1420081080 1 40 90 70 70 20 30 3632
4 1420081200 1 40 90 70 70 20 30 4247
4 1420081320 1 40 90 70 70 20 30 1271
4 1420081440 1 40 90 70 70 20 30 4747
4 1420081560 1 40 90 70 70 20 30 4852
4 1420081680 1 40 90 70 70 20 30 3482
4 1420081800 1 40 90 70 70 20 30 4820
4 1420081920 1 40 90 70 70 20 30 4772
4 1420082040 1 40 90 70 70 20 30 4091
4 1420082160 1 40 90 70 70 20 30 1919
4 1420082280 1 40 90 70 70 20 30 2144